Статистика — Задание 1 (умножение матрицы на вектор)
======================================================================

Размер матрицы: 20000×20000
 p        t       Sp       Ep    Metric
 1 0.591150  1.00000 1.000000  1.000000
 2 0.308428  1.91666 0.958330  1.836793
 4 0.161916  3.65096 0.912740  3.332377
 7 0.095717  6.17599 0.882284  5.448979
 8 0.082804  7.13914 0.892393  6.370915
16 0.044989 13.13980 0.821237 10.790897
20 0.035216 16.78620 0.839310 14.088826
40 0.030245 19.54570 0.488642  9.550860
Оптимальное количество потоков: 20 (Sp×Ep = 14.09)

Размер матрицы: 40000×40000
 p        t       Sp       Ep    Metric
 1 2.769370  1.00000 1.000000  1.000000
 2 1.514220  1.82891 0.914455  1.672456
 4 0.738123  3.75192 0.937980  3.519226
 7 0.401927  6.89024 0.984320  6.782201
 8 0.366214  7.56217 0.945271  7.148302
16 0.231184 11.97910 0.748694  8.968677
20 0.187216 14.79240 0.739620 10.940755
40 0.193142 14.33850 0.358463  5.139815
Оптимальное количество потоков: 20 (Sp×Ep = 10.94)

